1,5.785939374732971,6.4144905685424805,18.227848101265824,18.227848101265824
2,2.8831498178482056,5.178344354248047,17.21518987341772,18.227848101265824
3,2.2413787126541136,3.657101110458374,12.784810126582279,18.227848101265824
4,2.0599760967254643,2.618971004104614,22.40506329113924,22.40506329113924
5,1.9849606325149538,2.29818193359375,24.430379746835442,24.430379746835442
6,1.9502141706466674,2.0936769399642943,28.60759493670886,28.60759493670886
7,1.9276915935516357,1.9284480899810792,32.40506329113924,32.40506329113924
8,1.8766476318359373,1.8309966537475586,33.924050632911396,33.924050632911396
9,1.8283386841773985,1.6899118492126466,39.11392405063291,39.11392405063291
10,1.8111246569633483,1.6082636199951172,42.91139240506329,42.91139240506329
11,1.8208362416267394,1.5210424585342408,44.55696202531646,44.55696202531646
12,1.7661254981994632,1.5044898960113526,46.32911392405063,46.32911392405063
13,1.7627244502067565,1.6448525386810302,43.29113924050633,46.32911392405063
14,1.7417772047996518,1.5065158041000366,46.45569620253165,46.45569620253165
15,1.6828787689208984,1.5000551998138427,48.22784810126582,48.22784810126582
16,1.6664156392097476,1.4922272357940674,44.936708860759495,48.22784810126582
17,1.6533885061264038,1.4532534608840941,45.822784810126585,48.22784810126582
18,1.6510490591049194,1.488321453666687,47.34177215189873,48.22784810126582
19,1.6293148036003113,1.463237940979004,47.46835443037975,48.22784810126582
20,1.6049018516540525,1.4424538551330566,48.48101265822785,48.48101265822785
21,1.5857348843574526,1.3898124082565309,49.11392405063291,49.11392405063291
22,1.5836102445602418,1.3996811689376831,49.11392405063291,49.11392405063291
23,1.5482196731567384,1.3625568515777589,50.0,50.0
24,1.5274634488105774,1.3765055397033692,52.40506329113924,52.40506329113924
25,1.5271753854751589,1.328320893096924,51.265822784810126,52.40506329113924
26,1.4914835075378419,1.388718144416809,48.860759493670884,52.40506329113924
27,1.4896799507141114,1.3482551780700684,50.75949367088607,52.40506329113924
28,1.4553520778656006,1.3614118410110474,51.139240506329116,52.40506329113924
29,1.4331021057128905,1.346622653579712,52.40506329113924,52.40506329113924
30,1.4238563847541807,1.3068229793548585,53.41772151898734,53.41772151898734
31,1.3792270271301272,1.2714118980407716,54.55696202531646,54.55696202531646
32,1.3807880863189699,1.2834493997573853,55.44303797468354,55.44303797468354
33,1.366219266986847,1.3117361413955688,51.51898734177215,55.44303797468354
34,1.3385304958343505,1.3075551927566529,54.177215189873415,55.44303797468354
35,1.3505027672767638,1.2647229206085204,53.67088607594937,55.44303797468354
36,1.3344899517059325,1.27358235912323,53.54430379746835,55.44303797468354
37,1.3220509879112243,1.2618310487747193,55.822784810126585,55.822784810126585
38,1.3194099437713622,1.2763348176956177,55.31645569620253,55.822784810126585
39,1.3087579639434814,1.2410125226974487,55.063291139240505,55.822784810126585
40,1.2691576718330382,1.2437227840423584,56.45569620253165,56.45569620253165
41,1.2618953530311585,1.24379302444458,55.822784810126585,56.45569620253165
42,1.2560755112648012,1.2892337213516236,54.68354430379747,56.45569620253165
43,1.241029005432129,1.2145284225463868,56.32911392405063,56.45569620253165
44,1.2245318879127502,1.261860287475586,57.721518987341774,57.721518987341774
45,1.2171583628654479,1.2180697799682618,55.31645569620253,57.721518987341774
46,1.2181821273803712,1.2451668120384216,55.69620253164557,57.721518987341774
47,1.1596737534523007,1.2317026302337646,55.31645569620253,57.721518987341774
48,1.187688468360901,1.2797189579010009,55.56962025316456,57.721518987341774
49,1.1536100245475769,1.2177400844573976,54.55696202531646,57.721518987341774
50,1.1609394030570985,1.2427336164474487,55.44303797468354,57.721518987341774
51,1.1553791195869443,1.2598082624435425,55.56962025316456,57.721518987341774
52,1.1349598847389224,1.2325602389335633,56.962025316455694,57.721518987341774
53,1.116969867515564,1.2927122876167296,55.56962025316456,57.721518987341774
54,1.1188967767715452,1.2158100902557374,56.45569620253165,57.721518987341774
55,1.094417761516571,1.2184707350730897,57.08860759493671,57.721518987341774
56,1.0469174568653108,1.2410946318626404,57.34177215189873,57.721518987341774
57,1.0712880029678344,1.2268052732467651,56.58227848101266,57.721518987341774
58,1.0387568155288698,1.2048454559326172,57.848101265822784,57.848101265822784
59,1.0405764465332032,1.2387090342521667,58.607594936708864,58.607594936708864
60,1.0360400820732116,1.2170418626785278,57.59493670886076,58.607594936708864
61,1.0319949206352237,1.2453329971313476,58.22784810126582,58.607594936708864
62,1.0219319434165954,1.266631241607666,57.59493670886076,58.607594936708864
63,1.001595442867279,1.2589055685043335,58.10126582278481,58.607594936708864
64,1.0230341271400452,1.240628947544098,57.34177215189873,58.607594936708864
65,0.9821907666206359,1.2491302136421203,59.74683544303797,59.74683544303797
66,0.959930169582367,1.2562728863716126,56.70886075949367,59.74683544303797
67,0.9505347159862518,1.2425362998962401,59.620253164556964,59.74683544303797
68,0.9622055027008056,1.2452941944122315,59.87341772151899,59.87341772151899
69,0.9217701465606689,1.2308112599372865,59.24050632911393,59.87341772151899
70,0.9280785458087921,1.241706427192688,57.34177215189873,59.87341772151899
71,0.9166179876804353,1.2785065259933472,58.22784810126582,59.87341772151899
72,0.9333638119697572,1.29880366897583,58.48101265822785,59.87341772151899
73,0.9003048119068147,1.282990919303894,57.848101265822784,59.87341772151899
74,0.89285684967041,1.2763434959411621,60.12658227848101,60.12658227848101
75,0.9137276362895965,1.30995148563385,57.9746835443038,60.12658227848101
76,0.8703855760574342,1.2370791694641112,60.25316455696203,60.25316455696203
77,0.8810878508567809,1.2417216233253479,58.860759493670884,60.25316455696203
78,0.8571465650081634,1.3193130330085754,58.35443037974684,60.25316455696203
79,0.8415004138946534,1.275370850467682,60.63291139240506,60.63291139240506
80,0.8197703928470611,1.3311485156059266,58.9873417721519,60.63291139240506
81,0.8485991980075835,1.2833576202392578,60.75949367088607,60.75949367088607
82,0.8216029497623444,1.2632360006332397,60.12658227848101,60.75949367088607
83,0.830733323907852,1.2898491271018981,60.50632911392405,60.75949367088607
84,0.775522591161728,1.3363805426597595,60.25316455696203,60.75949367088607
85,0.7951650529384612,1.331984312057495,60.12658227848101,60.75949367088607
86,0.7870831533908843,1.3059822189331054,60.0,60.75949367088607
87,0.7991339467525482,1.3338318585395812,60.25316455696203,60.75949367088607
88,0.7632106850147247,1.314272253227234,58.9873417721519,60.75949367088607
89,0.7460010555267333,1.3147989490509033,58.9873417721519,60.75949367088607
90,0.7614706027030945,1.3340567435264588,61.64556962025316,61.64556962025316
91,0.7218504230499267,1.3600668175697326,59.11392405063291,61.64556962025316
92,0.7302405951976776,1.3542480772018433,62.78481012658228,62.78481012658228
93,0.7451156836509704,1.335884843635559,59.11392405063291,62.78481012658228
94,0.7060400612354278,1.3760448636054992,60.0,62.78481012658228
95,0.727939466381073,1.3674370127677917,61.51898734177215,62.78481012658228
96,0.6994991415977478,1.342840685081482,60.25316455696203,62.78481012658228
97,0.6884680039882661,1.3368232940673828,60.0,62.78481012658228
98,0.6830638257026672,1.3619680282592774,60.25316455696203,62.78481012658228
99,0.6740543206214904,1.4034672840118407,59.49367088607595,62.78481012658228
100,0.7043080546379089,1.3686564241409303,62.151898734177216,62.78481012658228
101,0.6825890741825104,1.4658912605285646,61.77215189873418,62.78481012658228
102,0.6660233767986299,1.4299951030731202,59.49367088607595,62.78481012658228
103,0.6916545965671539,1.4401540729522706,62.151898734177216,62.78481012658228
104,0.647822219657898,1.3992900166511535,58.860759493670884,62.78481012658228
105,0.6576186641216278,1.4475017459869384,62.278481012658226,62.78481012658228
106,0.6741674442291259,1.4536479892730714,57.848101265822784,62.78481012658228
107,0.6503116239070892,1.4250211669921875,60.75949367088607,62.78481012658228
108,0.6160384664058685,1.453216648864746,58.48101265822785,62.78481012658228
109,0.6337315063476563,1.503777565765381,60.75949367088607,62.78481012658228
110,0.6133829648494721,1.4891884454727173,58.35443037974684,62.78481012658228
111,0.6381672160625459,1.4202572200775148,61.51898734177215,62.78481012658228
112,0.5894601564884185,1.4039679827690124,61.265822784810126,62.78481012658228
113,0.6228221175193788,1.4286196762084962,61.139240506329116,62.78481012658228
114,0.6112499632835389,1.407169324874878,58.9873417721519,62.78481012658228
115,0.5939472989559175,1.4677444232940673,60.379746835443036,62.78481012658228
116,0.5681619550704956,1.5221992526054382,61.64556962025316,62.78481012658228
117,0.5857582699775694,1.48811936378479,61.392405063291136,62.78481012658228
118,0.5647637189388275,1.4977694887161255,62.65822784810127,62.78481012658228
119,0.6059670977592468,1.4819517282485961,62.65822784810127,62.78481012658228
120,0.5583803577899934,1.4555800773620606,62.151898734177216,62.78481012658228
121,0.5581514809131621,1.4827976741790772,62.78481012658228,62.78481012658228
122,0.5322917370080947,1.5367455883026122,61.51898734177215,62.78481012658228
123,0.5483758002758027,1.520443482208252,61.265822784810126,62.78481012658228
124,0.5372186573505402,1.5001805852890016,61.89873417721519,62.78481012658228
125,0.549499212026596,1.5474124742507935,63.924050632911396,63.924050632911396
126,0.5367447489261628,1.5162961248397828,60.75949367088607,63.924050632911396
127,0.5334900700807571,1.5816537483215332,61.77215189873418,63.924050632911396
128,0.6028418189525604,1.6253357122421264,59.49367088607595,63.924050632911396
129,0.5351841757297515,1.544611810874939,59.87341772151899,63.924050632911396
130,0.5044148632049561,1.536576552772522,62.91139240506329,63.924050632911396
131,0.4808917319297791,1.6732012521743775,58.35443037974684,63.924050632911396
132,0.5298967617988587,1.5331305425643922,62.91139240506329,63.924050632911396
133,0.4918825205802918,1.6353731221199035,61.139240506329116,63.924050632911396
134,0.49208893704414364,1.5764829397201539,61.139240506329116,63.924050632911396
135,0.48459410996437063,1.6188804920196533,63.164556962025316,63.924050632911396
136,0.48139080028533937,1.5478217370986938,63.037974683544306,63.924050632911396
137,0.49376123166084296,1.6130054071426392,61.392405063291136,63.924050632911396
138,0.46225871055126183,1.6063436096191406,61.89873417721519,63.924050632911396
139,0.47530140180587777,1.6024118965148926,61.0126582278481,63.924050632911396
140,0.49838394041061396,1.6407387092590333,59.87341772151899,63.924050632911396
141,0.49670232443809514,1.5672083503723144,61.392405063291136,63.924050632911396
142,0.4716277596473694,1.669040884399414,61.89873417721519,63.924050632911396
143,0.43389317829608914,1.5658928155899048,62.40506329113924,63.924050632911396
144,0.46711616177558896,1.5233254182815552,61.89873417721519,63.924050632911396
145,0.48498659720420834,1.6516165420532227,60.88607594936709,63.924050632911396
146,0.453215247964859,1.6953176052093506,61.392405063291136,63.924050632911396
147,0.4683425280809403,1.6853235702514648,62.151898734177216,63.924050632911396
148,0.4737685662269592,1.7491040864944458,62.278481012658226,63.924050632911396
149,0.4261409862041473,1.714089197921753,60.63291139240506,63.924050632911396
150,0.4660045340538025,1.6409690847396852,62.78481012658228,63.924050632911396
151,0.47546449153423315,1.6769439849853516,63.54430379746835,63.924050632911396
152,0.4511024003982545,1.6853085809707642,62.53164556962025,63.924050632911396
153,0.4095403630256653,1.714550439453125,62.91139240506329,63.924050632911396
154,0.4455693164110183,1.702137226486206,59.87341772151899,63.924050632911396
155,0.4299402590751648,1.6835532442092895,62.78481012658228,63.924050632911396
156,0.4452005413293838,1.7490297452926635,62.78481012658228,63.924050632911396
157,0.4305082634449005,1.7127846773147584,62.151898734177216,63.924050632911396
158,0.41938277499675747,1.713585278892517,62.0253164556962,63.924050632911396
159,0.4188199798583985,1.756646389579773,62.78481012658228,63.924050632911396
160,0.428813401222229,1.7001812007904054,62.40506329113924,63.924050632911396
161,0.40751157720088954,1.6869505865097045,60.50632911392405,63.924050632911396
162,0.44092877225875854,1.6891903253555298,62.91139240506329,63.924050632911396
163,0.44644594101905816,1.740970440864563,61.265822784810126,63.924050632911396
164,0.40478465435504907,1.7195948936462402,61.51898734177215,63.924050632911396
165,0.39348556067943574,1.6779497476577758,62.151898734177216,63.924050632911396
166,0.4157115318059922,1.7567986837387084,63.41772151898734,63.924050632911396
167,0.40226720701456065,1.7830379781723023,60.75949367088607,63.924050632911396
168,0.4163328867912293,1.784012488555908,63.164556962025316,63.924050632911396
169,0.3843951250314713,1.8290281526565553,61.89873417721519,63.924050632911396
170,0.3812064137935639,1.7902546503067016,64.17721518987342,64.17721518987342
171,0.3869156512022018,1.8054866619110108,63.41772151898734,64.17721518987342
172,0.4029360797643662,1.8240106498718263,61.64556962025316,64.17721518987342
173,0.3846042585372925,1.752947047996521,61.64556962025316,64.17721518987342
174,0.37589397647380834,1.7734585886001586,60.75949367088607,64.17721518987342
175,0.3680677705287933,1.6858320888519287,61.265822784810126,64.17721518987342
176,0.36419013986587523,1.8163473476409913,61.265822784810126,64.17721518987342
177,0.34891728625297547,1.7736952194213866,61.64556962025316,64.17721518987342
178,0.3465622536659241,1.7688293296813964,61.392405063291136,64.17721518987342
179,0.35826072568893436,1.6990316625595092,61.64556962025316,64.17721518987342
180,0.3626445784330368,1.7649900886535645,61.51898734177215,64.17721518987342
181,0.3916702502012253,1.7516148601531982,64.17721518987342,64.17721518987342
182,0.3567770156383514,1.7701782331466676,59.87341772151899,64.17721518987342
183,0.3509261765241623,1.863159905052185,60.25316455696203,64.17721518987342
184,0.3654255884885788,1.7612996658325195,61.77215189873418,64.17721518987342
185,0.36300288314819334,1.7541563243865967,61.265822784810126,64.17721518987342
186,0.3494782346010208,1.7791647197723388,61.51898734177215,64.17721518987342
187,0.37136480937004085,1.911070365524292,62.53164556962025,64.17721518987342
188,0.3724287150859833,1.879882938194275,61.64556962025316,64.17721518987342
189,0.3369069334745407,1.8937606534957885,62.151898734177216,64.17721518987342
190,0.3526919176101685,1.9210058361053466,61.265822784810126,64.17721518987342
191,0.33133102917671203,1.8772554777145385,63.54430379746835,64.17721518987342
192,0.30951611852645877,1.8279139505386353,61.392405063291136,64.17721518987342
193,0.3207254883050918,1.865198954963684,62.91139240506329,64.17721518987342
194,0.3585038621664048,1.8519587285995482,62.40506329113924,64.17721518987342
195,0.3593980720281601,1.8677375423431397,62.65822784810127,64.17721518987342
196,0.31902185690402984,1.7646257877349854,63.037974683544306,64.17721518987342
197,0.34369750008583067,1.9333036693572998,61.265822784810126,64.17721518987342
198,0.30677892110347743,1.85572001953125,62.0253164556962,64.17721518987342
199,0.2903500726222993,1.810465386390686,62.40506329113924,64.17721518987342
200,0.3366103377580643,1.824114785194397,63.67088607594937,64.17721518987342
